0
1
3
4
5
6
7
8
9
10
11
12
13
14
15
16
17
18
19
20
21
22
23
24
25
26
27
28
29
30
31
32
33
34
35
36
37
38
39
40
41
42
43
44
45
46
47
48
49
50
51
52
53
54
55
56
57
58
59
60
61
62
63
64
65
66
67
68
69
70
71
72
73
74
75
76
77
78
79
80
81
82
83
84
85
86
87
88
89
90
91
92
93
94
95
96
97
98
99
100
101
102
103
104
105
106
107
108
109
110
111
112
113
114
115
116
117
118
119
120
121
122
123
124
125
126
127
128
129
130
131
132
133
134
135
136
137
138
139
140
141
142
143
144
145
146
147
148
149
150
151
152
153
154
155
156
157
158
159
160
161
162
163
164
165
166
167
168
169
170
171
172
173
174
175
176
177
178
179
180
181
182
183
184
185
186
187
188
189
190
191
192
193
194
195
196
197
198
199
200
201
202
203
204
205
206
207
208
209
210
211
212
213
214
215
216
217
218
219
220
221
222
223
224
225
226
227
228
229
230
231
232
233
234
235
236
237
238
239
240
241
242
243
244
245
246
247
248
249
250
251
252
253
254
255
256
257
258
259
260
261
262
263
264
265
266
267
268
269
270
271
272
273
274
275
276
277
278
279
280
281
282
283
284
295
297
300
301
302
303
304
307
309
310
311
313
314
325
328
330
335
336
340
346
349
350
352
355
358
361
363
364
366
367
369
370
371
373
374
377
379
382
383
385
386
388
389
394
396
397
399
403
406
407
409
413
414
416
418
419
420
426
429
434
436
439
441
443
445
446
450
453
455
457
460
461
463
470
472
474
475
476
478
480
481
482
483
490
491
492
493
495
499
501
502
504
505
506
509
511
518
519
521
522
524
529
530
532
533
536
537
540
541
542
547
548
551
552
553
556
557
559
560
562
563
564
567
568
577
581
582
583
585
587
588
593
594
597
599
600
601
602
604
606
607
608
609
612
615
618
620
621
622
623
625
627
628
629
630
634
636
639
640
641
642
643
645
646
649
650
652
653
655
656
657
661
662
663
665
668
669
672
677
678
679
682
684
685
689
690
691
693
694
695
697
699
700
703
704
705
706
710
716
717
718
720
722
724
729
731
732
733
736
738
741
742
745
746
749
753
755
756
758
759
760
761
763
765
766
769
770
771
773
774
775
777
782
783
784
786
787
788
792
793
794
801
803
1054
1055
1056
1061
1065
1067
1074
1077
1078
1079
1080
1081
1091
1093
1095
1105
1106
1111
1113
1114
1115
1116
1118
1119
1120
1121
1124
1125
1126
1127
1131
1133
1134
1135
1136
1137
1138
1139
1141
1144
1145
1146
1147
1148
1149
1150
1151
1152
1153
1155
1156
1157
1159
1161
1162
1163
1164
1165
1168
1169
1170
1171
1172
1173
1175
1176
1177
1178
1179
1180
1182
1183
1185
1186
1187
1188
1189
1190
1191
1192
1267
1271
1272
1275
1283
1284
1285
1286
1287
1288
1289
1290
1291
1292
1295
1300
1301
1303
1304
1305
1306
1307
1308
1309
1310
1316
1317
1318
1319
1321
1322
1323
1325
1326
1330
1332
1333
1334
1335
1336
1338
1340
1342
1348
1349
1350
1351
1352
1354
1355
1357
1358
1360
1361
1363
1364
1365
1367
1368
1369
1371
1372
1373
1374
1375
1379
1381
1382
1384
1385
1386
1387
1389
1390
1392
1395
1396
1397
1398
1399
1400
1402
1403
1404
1406
1407
1411
1412
1413
1415
1417
1419
1420
1422
1424
1425
1426
1427
1428
1430
1431
1432
1433
1434
1435
1436
1437
1438
1439
1440
1441
1442
1598
1603
1611
1612
1613
1614
1615
1616
1617
1618
1621
1622
1624
1625
1626
1628
1630
1632
1634
1636
1645
1649
1650
1653
1654
1657
1660
1661
1662
1665
1666
1667
1669
1671
1672
1673
1674
1675
1678
1679
1680
1682
1684
1685
1687
1689
1690
1691
1693
1695
1697
1698
1699
1700
1701
1702
1705
1707
1708
1709
1803
1821
1825
1826
1831
1832
1846
1847
1849
1850
1852
1857
1863
1865
1873
1882
1891
1893
1905
1909
1915
1921
1932
1934
1938
1941
1944
1945
1948
1952
1954
1955
1958
1963
1964
1965
1967
1969
1976
1977
1978
1989
2113
2117
2125
2130
2131
2133
2134
2135
2137
2138
2139
2140
2142
2143
2144
2165
2167
2170
2177
2187
2189
2191
2192
2194
2204
2206
2211
2216
2227
2234
2238
2243
2246
2252
2253
2254
2256
2257
2258
2261
2265
2266
2267
2268
2273
2275
2281
2283
2285
2291
2292
2294
2296
2297
2298
2305
2307
2311
2314
2315
2317
2323
2327
2330
2331
2332
2334
2337
2340
2341
2342
2344
2347
2348
2358
2362
2368
2511
2514
2516
2519
2556
2565
2566
2587
2588
2589
2590
2591
2593
2594
2595
2596
2598
2599
2600
2601
2602
2603
2604
2605
2606
2607
2608
2609
2610
2611
2612
2613
2614
2615
2616
2617
2618
2619
2620
2622
2623
2624
2625
2626
2627
2628
2629
2630
2632
2633
2634
2635
2636
2638
2639
2640
2641
2642
2643
2644
2645
2646
2647
2648
2649
2650
2651
2652
2653
2654
2656
2657
2658
2659
2660
2661
2662
2663
2666
2667
2668
2669
2670
2671
2672
2674
2675
2676
2678
2679
2680
2681
2682
2683
2684
2685
2686
2687
2688
2691
2693
2694
2695
2696
2698
2699
2700
2701
2702
2703
2704
2705
2706
2707
2708
2709
2711
2712
2713
2714
2715
2717
2718
2719
2720
2721
2722
2723
2724
2725
2726
2727
2729
2730
2731
2732
2733
2734
2737
2740
2744
2746
2749
2751
2752
2753
2754
2755
2756
2757
2760
2761
2763
2764
2765
2767
2769
2770
2771
2772
2774
2775
2777
2778
2781
2782
2783
2784
2785
2786
2787
2788
2789
2791
2794
2796
2797
2798
2799
2801
2802
2803
2809
2810
2812
2813
2814
2815
2817
2818
2819
2821
2822
2823
2825
2826
2827
2829
2831
2832
2836
2837
2838
2839
2840
2841
2842
2844
2846
2847
2848
2849
2850
2851
2853
2854
2856
2857
2858
2859
2860
2861
2864
2868
2869
2871
2875
2876
2877
2878
2879
2885
2886
2887
2888
2889
2891
2892
2897
2898
2899
2900
2901
2902
2904
2905
2906
2908
2910
2911
2914
2916
2920
2922
2927
2928
2932
2933
2934
2936
2937
2938
2940
2942
2943
2944
2947
2950
2952
2953
2954
2955
2956
2957
2958
2960
2961
2963
2966
2968
2969
2970
2972
2974
2975
2976
2977
2978
2979
2980
2981
2982
2983
2984
2985
2986
2987
2989
2990
2991
2992
2993
2994
2995
2997
2998
2999
3000
3001
3002
3003
3004
3005
3006
3008
3011
3013
3014
3015
3019
3020
3021
3022
3024
3025
3026
3028
3029
3030
3031
3033
3034
3035
3037
3038
3039
3040
3041
3042
3043
3044
3045
3046
3047
3048
3049
3050
3051
3052
3055
3056
3057
3058
3059
3060
3061
3063
3064
3065
3066
3067
3068
3069
3071
3072
3074
3077
3078
3080
3081
3082
3083
3084
3087
3089
3090
3091
3092
3093
3094
3095
3097
3098
3099
3100
3101
3102
3103
3104
3105
3107
3108
3109
3110
3111
3112
3114
3115
3116
3117
3118
3120
3122
3124
3126
3127
3128
3129
3131
3132
3135
3136
3137
3138
3139
3140
3141
3142
3143
3144
3148
3149
3151
3152
3153
3155
3156
3157
3158
3161
3162
3164
3165
3166
3167
3168
3170
3171
3172
3173
3176
3177
3178
3179
3180
3181
3182
3184
3186
3187
3188
3190
3193
3194
3195
3196
3197
3198
3199
3200
3201
3203
3204
3205
3206
3209
3210
3212
3213
3214
3215
3216
3217
3218
3221
3222
3224
3226
3228
3230
3231
3232
3233
3234
3235
3237
3238
3239
3240
3241
3242
3243
3245
3246
3247
3248
3249
3251
3252
3253
3254
3255
3256
3257
3258
3260
3262
3263
3264
3265
3266
3267
3269
3270
3272
3273
3274
3278
3279
3282
3284
3285
3286
3287
3289
3291
3293
3295
3297
3298
3299
3300
3301
3302
3303
3304
3305
3306
3307
3308
3310
3313
3314
3315
3316
3318
3319
3320
3324
3325
3326
3327
3328
3329
3331
3332
3333
3334
3335
3336
3337
3338
3340
3341
3342
3343
3344
3345
3347
3349
3350
3351
3352
3353
3354
3355
3356
3357
3358
3359
3360
3361
3362
3363
3364
3365
3367
3370
3371
3372
3373
3374
3375
3376
3378
3379
3380
3381
3383
3384
3387
3388
3389
3390
3391
3392
3393
3394
3395
3396
3397
3398
3399
3400
3401
3402
3404
3405
3406
3407
3409
3410
3411
3412
3413
3414
3415
3416
3418
3419
3420
3421
3423
3424
3425
3426
3427
3428
3429
3430
3431
3432
3434
3435
3436
3437
3438
3439
3440
3441
3442
3443
3444
3445
3447
3450
3452
3453
3454
3455
3457
3458
3459
3463
3464
3465
3467
3469
3470
3471
3472
3473
3474
3475
3476
3479
3480
3481
3484
3485
3486
3487
3488
3489
3490
3491
3493
3496
3499
3500
3501
3502
3504
3507
3508
3509
3510
3512
3513
3514
3516
3517
3518
3519
3520
3521
3522
3523
3524
3526
3527
3529
3530
3534
3535
3536
3537
3538
3539
3540
3541
3544
3545
3546
3547
3548
3549
3550
3551
3552
3553
3555
3556
3557
3558
3559
3560
3561
3562
3563
3564
3565
3566
3567
3568
3569
3570
3571
3572
3574
3576
3577
3579
3580
3581
3582
3583
3584
3585
3586
3587
3588
3589
3590
3591
3593
3595
3596
3597
3598
3599
4328
4331
4333
4334
4336
4338
4342
4343
4344
4346
4347
4349
4351
4352
4357
4360
4362
4364
4366
4368
4371
4372
4375
4376
4387
4389
4399
4400
4401
4402
4403
4411
4412
4413
4415
4416
4420
4421
4427
4430
4432
4445
4453
4459
4464
4466
4468
4469
4470
4472
4473
4477
4478
4485
4486
4488
4490
4491
4494
4501
4508
4513
4517
4521
4522
4527
4528
4529
4530
4531
4533
4538
4541
4542
4543
4545
4551
4552
4553
4555
4556
4557
4558
4559
4561
4566
4568
4569
4571
4574
4577
4578
4579
4580
4592
4603
4605
4606
4607
4608
4611
4612
4613
4615
4617
4622
4623
4624
4625
4626
4628
4629
4630
4636
4637
4645
4651
4655
4659
4661
4666
4671
4674
4677
4678
4683
4686
4693
4695
4698
4699
4701
4702
4705
4707
4710
5011
5013
5015
5024
5025
5044
5046
5047
5048
5052
5056
5059
5061
5066
5067
5069
5070
5075
5080
5083
5084
5089
5093
5094
5098
5103
5104
5112
5118
5123
5128
5132
5134
5142
5150
5167
5169
5172
5179
5186
5187
5189
5191
5201
5210
5211
5217
5220
5228
5229
5231
5237
5248
5249
5259
5267
5441
5445
5449
5455
5456
5461
5466
5471
5472
5473
5482
5493
5496
5498
5499
5510
5513
5514
5518
5523
5526
5615
5617
5618
5621
5626
5651
5661
5663
5664
5667
5668
5669
5670
5726
5739
5742
5754
5766
5767
5769
5770
5771
5776
5777
5778
5780
5781
5791
5792
5800
5805
5806
5807
5815
5816
5826
5827
5829
5831
5834
5835
5837
5845
5854
5857
5858
5862
5932
6020
6021
6043
6046
6052
6059
6062
6085
6089
6096
6110
6117
6121
6267
6268
6269
6270
6271
6272
6273
6274
6275
6276
6277
6278
6279
6281
6282
6283
6285
6286
6287
6288
6289
6290
6291
6292
6293
6294
6295
6296
6297
6298
6299
6300
6301
6302
6303
6304
6307
6309
6311
6313
6314
6315
6318
6319
6321
6323
6324
6325
6326
6328
6331
6333
6334
6335
6338
6339
6340
6341
6342
6343
6344
6345
6346
6347
6349
6350
6351
6357
6358
6360
6363
6364
6365
6368
6369
6370
6371
6373
6374
6375
6377
6379
6381
6382
6383
6384
6386
6387
6388
6391
6392
6393
6395
6396
6401
6403
6488
6490
6496
6500
6504
6517
6518
6525
6526
6532
6533
6535
6540
6542
6548
6556
6560
6561
6566
6567
6571
6572
6574
6633
6634
6636
6638
6645
6650
6655
6662
6672
6682
6685
6686
6701
6714
6718
6795
6799
6808
6809
6812
6817
6820
6851
6852
6853
6856
6857
6858
6859
6864
6866
6867
6869
6872
6873
6876
6886
6890
6896
6901
6902
6903
6904
6910
6912
6914
6917
6962
6973
6974
6979
6988
6995
6997
6998
7003
7004
7008
7009
7014
7019
7039
7042
7049
7057
7058
7062
7066
7070
7074
7100
7101
7199
7200
7201
7202
7203
7205
7206
7207
7208
7209
7210
7211
7212
7213
7214
7215
7216
7217
7218
7219
7221
7223
7224
7225
7227
7228
7229
7230
7231
7233
7234
7235
7236
7238
7239
7240
7241
7242
7243
7244
7245
7246
7247
7249
7250
7251
7252
7253
7254
7255
7256
7257
7258
7259
7260
7262
7263
7264
7266
7267
7268
7269
7270
7271
7273
7274
7275
7276
7277
7278
7279
7281
7282
7284
7285
7286
7288
7289
7290
7291
7292
7293
7294
7295
7296
7297
7300
7301
7302
7303
7304
7307
7308
7309
7310
7311
7312
7313
7314
7315
7317
7318
7319
7320
7321
7322
7323
7325
7326
7328
7329
7330
7331
7332
7333
7334
7335
7336
7337
7338
7339
7341
7342
7343
7346
7348
7349
7350
7352
7353
7355
7356
7357
7358
7359
7360
7361
7362
7363
7366
7368
7369
7370
7371
7373
7375
7376
7377
7378
7379
7380
7381
7382
7383
7385
7387
7388
7389
7390
7392
7394
7395
7396
7397
7398
7400
7401
7402
7403
7405
7406
7408
7409
7410
7411
7415
7418
7419
7420
7421
7422
7424
7425
7426
7427
7428
7429
7430
7431
7432
7433
7434
7435
7437
7438
7439
7440
7441
7442
7444
7445
7446
7447
7449
7450
7451
7452
7455
7456
7457
7458
7459
7460
7461
7462
7463
7464
7465
7467
7468
7469
7470
7471
7472
7473
7474
7475
7477
7478
7479
7480
7481
7482
7483
7485
7487
7488
7490
7491
7493
7496
7497
7498
7499
7501
7502
7503
7504
7505
7507
7508
7512
7513
7515
7519
7522
7523
7525
7526
7527
7528
7529
7530
7532
7533
7534
7535
7537
7538
7539
7540
7541
7543
7544
7545
7546
7547
7548
7549
7550
7552
7553
7555
7556
7557
7558
7559
7560
7561
7563
7564
7565
7566
7567
7568
7569
7570
7571
7572
7573
7575
7578
7579
7580
7581
7582
7583
7584
7585
7586
7587
7588
7589
7590
7591
7592
7593
7594
7595
7596
7597
7598
7600
7601
7604
7605
7607
7608
7609
7611
7612
7613
7615
7616
7617
7618
7619
7620
7621
7623
7624
7625
7626
7633
7635
7640
7648
7649
7651
7652
7654
7655
7657
7662
7665
7666
7667
7668
7670
7672
7673
7674
7675
7676
7685
7691
7693
7694
7702
7703
7708
7710
7712
7713
7714
7715
7716
7717
7720
7723
7726
7727
7728
7729
7731
7735
7736
7739
7740
7741
7742
7744
7745
7746
7749
7753
7754
7755
7756
7758
7763
7765
7766
7768
7769
7770
7773
7775
7777
7778
7782
7787
7788
7789
7790
7792
7794
7797
7800
7802
7805
7812
7815
7819
7821
7823
7824
7830
7832
7834
7836
7837
7838
7840
7843
7844
7846
7849
7854
7855
7856
7860
7861
7862
7864
7868
7869
7870
7871
7872
7879
7880
7882
7885
7887
7888
7895
7897
7898
7900
7903
7907
7908
7914
7925
7926
7928
7929
7931
7932
7934
7935
7936
7937
7940
7942
7945
7948
7949
7950
7951
7953
7954
7956
7957
7958
7959
7960
7961
7962
7963
7964
7965
7968
7970
7972
7974
7975
7977
7978
7979
7980
7981
7982
7985
7986
7989
7991
7992
7993
7997
7999
8002
8003
8004
8005
8007
8009
8013
8014
8015
8018
8023
8026
8028
8035
8036
8037
8038
8039
8040
8042
8043
8045
8047
8048
8050
8052
8053
8054
8055
8056
8062
8064
8068
8069
8070
8071
8072
8075
8076
8078
8079
8080
8081
8084
8086
8089
8091
8092
8093
8094
8095
8098
8099
8100
8101
8104
8105
8109
8111
8112
8113
8114
8116
8119
8120
8121
8122
8123
8124
8125
8127
8128
8129
8130
8132
8133
8134
8135
8137
8139
8140
8141
8142
8145
8146
8147
8148
8149
8152
8154
8155
8156
8161
8162
8163
8166
8167
8168
8169
8170
8172
8173
8174
8175
8177
8179
8180
8181
8182
8184
8188
8189
8190
8191
8193
8194
8195
8196
8200
8201
8202
8203
8204
8206
8208
8209
8210
8213
8214
8215
8217
8221
8223
8224
8225
8228
8230
8231
8234
8237
8238
8239
8240
8243
8244
8245
8251
8252
8254
8255
8257
8258
8259
8263
8264
8266
8267
8272
8274
8275
8276
8277
8278
8279
8280
8281
8284
8285
8287
8289
8290
8292
8293
8294
8297
8298
8299
8300
8303
8305
8306
8308
8312
8313
8314
8315
8318
8319
8320
8325
8327
8330
8331
8332
8333
8335
8336
8337
8340
8341
8343
8346
8347
8348
8349
8350
8351
8352
8354
8356
8357
8358
8359
8361
8365
8367
8369
8372
8375
8377
8378
8380
8384
8385
8388
8389
8390
8393
8394
8396
8398
8399
8400
8401
8405
8406
8407
8408
8410
8411
8412
8415
8416
8418
8422
8428
8430
8435
8437
8438
8441
8442
8444
8445
8446
8448
8450
8451
8452
8454
8455
8456
8458
8461
8464
8465
8467
8468
8471
8474
8477
8478
8479
8481
8482
8483
8486
8488
8489
8490
8493
8497
8498
8500
8501
8502
8503
8504
8505
8506
8512
8513
8514
8515
8517
8520
8521
8522
8524
8525
8526
8527
8528
8529
8530
8531
8535
8539
8541
8542
8543
8544
8545
8548
8551
8552
8553
8554
8555
8556
8559
8560
8565
8567
8568
8569
8570
8572
8575
8577
8578
8579
8580
8581
8582
8583
8585
8586
8587
8588
8589
8590
8591
8598
8601
8604
8613
8614
8616
8617
8620
8628
8630
8631
8634
8635
8636
8640
8641
8642
8643
8644
8648
8649
8650
8651
8654
8655
8657
8658
8659
8660
8662
8670
8672
8674
8676
8679
8680
8682
8683
8685
8688
8690
8692
8693
8695
8699
8700
8701
8704
8705
8706
8707
8709
8710
8711
8712
8713
8716
8717
8721
8722
8724
8725
8727
8728
8729
8730
8731
8733
8734
8735
8738
8741
8744
8746
8749
8752
8755
8759
8760
8766
8767
8773
8777
8778
8779
8780
8781
8782
8785
8786
8787
8788
8789
8790
8793
8799
8801
8802
8806
8811
8812
8814
8815
8817
8818
8819
8820
8821
8823
8826
8827
8828
8830
8831
8832
8833
8834
8835
8837
8842
8843
8844
8846
8847
8848
8852
8854
8856
8857
8858
8859
8860
8861
8862
8863
8865
8868
8869
8872
8873
8875
8877
8878
8883
8884
8886
8888
8889
8890
8891
8892
8893
8894
8897
8898
8900
8903
8905
8907
8908
8909
8912
8915
8916
8919
8920
8923
8924
8925
8926
8927
8928
8929
8932
8934
8935
8936
8937
8939
8941
8942
8943
8945
8946
8950
8951
8953
8955
8956
8957
8959
8960
8961
8965
8966
8969
8970
8971
8974
8975
8977
8978
8981
8982
8983
9927
9934
9946
9949
9952
9959
9965
10009
10013
10017
10020
10029
10036
10065
10071
10072
10075
10085
10086
10088
10094
10095
10100
10102
10108
10115
10120
10165
10167
10173
10180
10181
10186
10189
10191
10192
10193
10199
10200
10203
10213
10214
10218
10220
10223
10227
10232
10271
10278
10279
10280
10281
10282
10284
10286
10288
10295
10313
10336
10346
10347
10352
10357
10358
10368
10369
10370
10372
10373
10374
10375
10378
10379
10381
10383
10394
10400
10407
10412
10415
10416
10419
10422
10428
10432
10433
10437
10438
10440
10451
10453
10463
10466
10467
10471
10475
10479
10484
10485
10489
10496
10510
10511
10595
10597
10598
10599
10601
10605
10607
10608
10609
10610
10612
10613
10614
10615
10616
10618
10621
10623
10624
10625
10626
10627
10629
10630
10631
10633
10635
10638
10642
10644
10645
10646
10647
10648
10649
10650
10651
10652
10653
10654
10655
10656
10657
10659
10660
10662
10663
10664
10667
10669
10670
10671
10672
10673
10674
10675
10677
10678
10680
10682
10683
10684
10685
10686
10687
10688
10691
10693
10694
10695
10696
10697
10698
10699
10700
10710
10711
10713
10720
10721
10722
10723
10725
10726
10727
10729
10730
10731
10732
10735
10740
10741
10746
10747
10748
10749
10750
10754
10756
10757
10766
10768
10770
10774
10777
10796
10800
10802
10804
10805
10806
10809
10810
10812
10813
10814
10815
10817
10818
10827
10828
10829
10832
10836
10837
10838
10842
10844
10845
10848
10849
10851
10852
10860
10861
10862
10867
10868
10878
10881
10883
10886
10887
10889
10892
10897
10900
10901
10902
10909
10915
10917
10923
10931
10933
10934
10935
10938
10939
10940
10943
10944
10945
10947
10950
10951
10956
10959
10962
10964
10968
10971
10972
10974
10978
10979
10986
10988
10989
10990
10991
10992
10995
10996
10998
11004
11005
11007
11010
11013
11014
11015
11016
11018
11020
11022
11023
11024
11031
11032
11034
11036
11037
11040
11042
11045
11046
11048
11051
11052
11054
11055
11061
11062
11064
11066
11309
11333
11365
11368
11403
11404
11405
11406
11408
11409
11410
11411
11412
11414
11415
11419
11427
11430
11438
11441
11442
11461
11468
11470
11473
11474
11481
11482
11485
11486
11488
11491
11501
11502
11507
11509
11512
11514
11515
11516
11524
11526
11527
11530
11531
11533
11537
11545
11548
11549
11554
11589
11590
11597
11600
11604
11606
11609
11618
11619
11622
11631
11635
11643
11644
11646
11670
11671
11676
11685
11703
11708
11721
11723
11732
11738
11748
11750
11760
11762
11768
11778
11780
11789
11794
11795
11933
11938
11940
11985
11997
12000
12004
12017
12018
12020
12023
12024
12026
12028
12029
12036
12037
12038
12056
12059
12067
12072
12094
12101
12103
12105
12112
12113
12118
12123
12131
12133
12134
12149
12150
12159
12174
12221
12229
12230
12231
12255
12257
12267
12272
12274
12276
12277
12282
12300
12301
12313
12317
12318
12343
12355
12372
12382
12521
12523
12525
12526
12530
12532
12535
12541
12547
12556
12557
12558
12559
12562
12563
12564
12565
12566
12568
12569
12570
12574
12575
12576
12577
12578
12585
12595
12596
12600
12605
12609
12610
12611
12620
12624
12663
12674
12676
12684
12686
12693
12694
12695
12701
12704
12706
12714
12718
12719
12724
12740
12752
12756
12762
12764
12766
12780
12788
12794
12893
12902
12903
12927
12928
12930
12933
12955
12957
12960
12962
12967
12973
12974
12976
12979
12981
12982
12989
12993
12994
12995
12997
12999
13000
13002
13003
13006
13011
13016
13019
13021
13022
13025
13027
13030
13031
13033
13034
13037
13041
13042
13046
13048
13049
13051
13052
13054
13056
13061
13065
13066
13068
13069
13072
13074
13078
13082
13084
13092
13100
13109
13110
13119
13137
13142
13148
13159
13163
13166
13177
13189
13213
13215
13216
13219
13224
13237
13238
13253
13263
13266
13267
13270
13271
13347
13355
13356
13357
13358
13359
13362
13368
13371
13373
13382
13413
13416
13423
13433
13446
13471
13472
13473
13477
13482
13484
13486
13487
13488
13497
13505
13516
13529
13532
13533
13534
13541
13544
13546
13595
13596
13597
13598
13600
13601
13602
13603
13604
13605
13606
13607
13609
13610
13611
13612
13613
13614
13616
13618
13619
13620
13621
13622
13624
13625
13629
13630
13631
13634
13635
13636
13637
13638
13639
13640
13660
13661
13679
13704
13718
13740
13780
13788
13791
13796
13797
13809
13811
13813
13814
13815
13819
13821
13822
13823
13824
13825
13826
13828
13829
13830
13831
13833
13834
13836
13837
13838
13842
13843
13845
13848
13849
13852
13853
13855
13857
13858
13859
13862
13863
13865
13866
13867
13869
13870
13872
13873
13875
13876
13877
13880
13881
13882
13885
13886
13888
13889
13890
13891
13892
13893
13895
13897
13899
13901
13902
13906
13907
13908
13909
13910
13911
13912
13914
13915
13919
13920
13921
13922
13926
13927
13928
13929
13930
13931
13933
13934
13936
13937
13938
13939
13940
13943
13944
13945
13946
13949
13950
13951
13952
13953
13954
13956
13957
13958
13960
13963
13964
13965
13966
13967
13968
13969
13971
13972
13973
13976
13977
13979
13980
13981
13982
13983
13984
13985
13987
13988
13989
13992
13994
13995
13996
13997
13999
14002
14003
14009
14012
14017
14019
14030
14039
14044
14045
14047
14048
14054
14057
14058
14059
14063
14070
14072
14073
14074
14079
14086
14091
14092
14094
14097
14101
14102
14103
14123
14128
14130
14131
14132
14133
14135
14138
14142
14150
14151
14167
14170
14171
14173
14180
14181
14184
14192
14196
14197
14201
14204
14206
14207
14209
14213
14219
14222
14223
14227
14231
14232
14235
14238
14240
14243
14254
14257
14265
14266
14267
14271
14275
14284
14295
14410
14434
14447
14450
14454
14469
14490
14491
14497
14520
14521
14545
14734
14737
14739
14740
14741
14742
14743
14745
14746
14747
14748
14749
14750
14751
14752
14753
14755
14757
14758
14760
14761
14762
14763
14765
14766
14768
14770
14771
14772
14773
14774
14775
14777
14778
14779
14780
14781
14783
14784
14785
14786
14789
14790
14792
14793
14794
14795
14796
14798
14800
14801
14803
14804
14805
14806
14808
14809
14810
14811
14812
14813
14814
14815
14817
14819
14820
14821
14824
14826
14828
14830
14831
14832
14836
14839
14841
14844
14845
14846
14847
14848
14849
14850
14851
14852
14853
14854
14855
14858
14859
14860
14862
14863
14864
14865
14868
14870
14871
14872
14874
14875
14876
14877
14881
14882
14883
14884
14885
14886
14888
14891
14893
14895
14896
14897
14900
14902
14904
14905
14907
14908
14909
14910
14911
14913
14914
14917
14918
14920
14921
14924
14926
14927
14929
14931
14936
14937
14938
14940
14941
14944
14946
14950
14951
14952
14953
14954
14955
14957
14958
14959
14964
14966
14968
14969
14970
14973
14974
14976
14979
14980
14981
14982
14983
14985
14988
14992
14994
14995
14996
15000
15002
15003
15004
15006
15008
15009
15010
15012
15013
15015
15016
15018
15019
15020
15021
15022
15024
15025
15026
15027
15028
15031
15032
15035
15036
15037
15039
15041
15042
15043
15045
15046
15047
15048
15049
15050
15051
15052
15053
15056
15057
15059
15060
15061
15062
15063
15064
15066
15068
15070
15073
15077
15079
15080
15081
15082
15083
15086
15088
15089
15091
15094
15095
15096
15097
15098
15099
15100
15103
15104
15105
15107
15108
15111
15114
15115
15116
15117
15118
15119
15121
15122
15123
15124
15125
15130
15131
15136
15137
15140
15141
15142
15143
15144
15146
15147
15148
15149
15150
15152
15154
15155
15156
15157
15158
15159
15161
15164
15165
15166
15168
15170
15171
15173
15174
15175
15176
15177
15179
15180
15181
15182
15183
15184
15185
15186
15189
15190
15195
15198
15199
15200
15201
15202
15207
15208
15209
15211
15212
15213
15214
15216
15217
15221
15222
15223
15224
15226
15228
15230
15231
15232
15234
15235
15236
15237
15239
15241
15242
15244
15245
15247
15249
15250
15252
15253
15259
15260
15261
15262
15264
15266
15270
15273
15274
15275
15276
15279
15288
15310
15315
15323
15327
15329
15331
15334
15336
15338
15342
15343
15353
15357
15360
15366
15372
15378
15383
15384
15394
15398
15425
15435
15450
15459
15463
15464
15468
15469
15470
15472
15479
15481
15485
15487
15493
15495
15501
15502
15512
15513
15515
15521
15525
15529
15532
15542
15558
15559
15575
15589
15592
15597
15604
15613
15615
15617
15635
15639
15642
15677
15681
15682
15686
15696
15698
15701
15707
15728
15734
15739
15740
15741
15759
15764
15767
15768
15774
15782
15790
15809
15815
15824
15830
15834
15839
15842
15843
15844
15853
15854
15856
15857
15858
15864
15870
15874
15881
15884
15886
15893
15906
15925
15928
15931
15933
15937
15938
15944
15952
15953
15966
15970
15974
15977
15979
15989
15992
15993
15996
16001
16007
16012
16013
16015
16028
16030
16035
16037
16045
16060
16310
16315
16316
16323
16326
16329
16353
16356
16370
16371
16398
16407
16410
16412
16414
16420
16426
16467
16481
16488
16507
16544
16549
16559
16560
16562
16563
16575
16576
16578
16579
16595
16599
16695
16755
16823
16843
16868
16872
16873
16874
16877
16878
16881
16885
16887
16895
16897
16898
16900
16901
16903
16905
16907
16909
16912
16913
16915
16916
16917
16919
16920
16923
16928
16944
16948
16950
16952
16953
16955
16956
16960
16965
16972
16973
16974
16975
16976
16977
16980
16987
16989
16990
16991
16992
16993
16995
16997
17000
17001
17002
17005
17006
17008
17009
17012
17013
17015
17016
17017
17018
17021
17028
17030
17033
17088
17113
17215
17231
17239
17240
17241
17242
17244
17245
17246
17247
17248
17249
17250
17251
17252
17254
17255
17256
17257
17258
17259
17260
17261
17262
17263
17264
17266
17268
17269
17271
17272
17273
17275
17277
17278
17279
17282
17285
17287
17288
17289
17290
17291
17293
17294
17295
17296
17298
17300
17301
17303
17305
17308
17310
17311
17312
17313
17316
17317
17318
17319
17322
17323
17324
17325
17326
17327
17332
17364
17367
17368
17374
17379
17380
17401
17402
17403
17407
17410
17418
17455
17457
17459
17467
17469
17478
17479
17480
17482
17487
17490
17504
17642
17644
17646
17651
17652
17659
17666
17699
17747
17750
17760
17763
17764
17765
17767
17770
17771
17772
17773
17774
17776
17779
17780
17784
17786
17788
17793
17796
17798
17801
17804
17805
17811
17816
17821
17826
17827
17834
17838
17839
17840
17843
17846
17850
17905
17907
17908
17926
17927
17934
17935
17940
17945
17946
17947
17950
17958
17962
17965
17968
17969
17970
17971
17977
17979
17985
17991
17994
18001
18006
18013
18015
18016
18017
18021
18022
18023
18024
18030
18031
18032
18036
18042
18049
18050
18051
18052
18054
18061
18064
18066
18070
18071
18073
18074
18075
18076
18078
18079
18080
18084
18087
18088
18089
18090
18091
18093
18097
18100
18101
18103
18106
18108
18109
18110
18112
18114
18121
18122
18128
18130
18132
18133
18138
18139
18141
18142
18145
18150
18151
18152
18158
18163
18166
18168
18169
18174
18175
18177
18183
18188
18189
18195
18200
18220
18222
18227
18236
18238
18250
18255
18263
18266
18268
18269
18270
18274
18278
18289
18291
18294
18296
18297
18309
18316
18322
18327
18333
18336
18340
18341
18348
18352
18372
18375
18376
18381
18382
18384
18385
18386
18390
18391
18392
18393
18401
18404
18407
18408
18418
18419
18425
18432
18433
18434
18437
18444
18445
18447
18448
18452
18455
18456
18457
18461
18462
18464
18465
18467
18471
18475
18476
18482
18494
18497
18507
18509
18516
18523
18524
18527
18528
18555
18556
18557
18560
18570
18577
18595
18601
18605
18613
18622
18625
18633
18636
18642
18646
18648
18649
18650
18654
18659
18664
18665
18669
18670
18672
18674
18675
18679
18685
18687
18688
18697
18698
18704
18717
18719
18724
18729
18732
18740
18760
18764
18770
18776
18783
18791
18793
18796
18807
18819
18825
18827
18831
18841
18842
18844
18845
18848
19236
19237
19238
19240
19241
19243
19244
19245
19246
19247
19248
19250
19255
19257
19258
19259
19263
19267
19268
19269
19270
19271
19274
19275
19279
19282
19286
19288
19290
19291
19292
19294
19295
19296
19300
19309
19310
19311
19314
19315
19321
19323
19324
19326
19327
19328
19329
19331
19333
19335
19337
19338
19340
19344
19345
19347
19348
19349
19350
19355
19360
19361
19362
19371
19372
19376
19377
19378
19379
19380
19381
19386
19389
19391
19392
19393
19394
19395
19396
19397
19402
19403
19409
19410
19413
19414
19415
19416
19418
19419
19421
19424
19425
19427
19430
19431
19434
19435
19438
19441
19443
19444
19451
19453
19455
19456
19457
19460
19461
19463
19464
19466
19467
19469
19470
19474
19476
19479
19480
19481
19482
19487
19488
19489
19493
19494
19495
19497
19501
19504
19505
19506
19513
19515
19517
19520
19524
19528
19529
19530
19533
19536
19538
19544
19546
19547
19550
19557
19559
19560
19562
19563
19564
19570
19571
19572
19573
19574
19577
19580
19581
19583
19585
19587
19589
19593
19595
19597
19599
19600
19601
19604
19607
19609
19612
19613
19614
19619
19621
19624
19625
19629
19630
19631
19632
19633
19635
19639
19641
19644
19646
19647
19648
19649
19650
19651
19652
19653
19654
19659
19663
19667
19668
19670
19671
19672
19678
19685
19694
19704
19708
19713
19718
19724
19725
19727
19730
19740
19741
19742
19745
19749
19754
19755
19765
19776
19777
19779
19782
19791
19794
19797
19799
19801
19803
19808
19814
19815
19831
19834
19840
19844
19847
19851
19853
19859
19863
19864
19877
19881
19882
19889
19901
19902
19906
19917
19920
19924
19925
19933
19944
19945
19951
19962
19967
19971
19973
19976
19986
20012
20016
20020
20022
20038
20039
20040
20048
20059
20060
20061
20063
20067
20070
20076
20078
20081
20083
20087
20088
20090
20092
20099
20107
20111
20112
20117
20120
20129
20133
20139
20147
20161
20162
20164
20167
20168
20169
20170
20172
20173
20180
20188
20193
20194
20195
20197
20199
20200
20203
20204
20206
20207
20208
20211
20214
20217
20221
20232
20234
20235
20237
20240
20241
20243
20244
20246
20248
20255
20257
20260
20262
20264
20268
20273
20275
20279
20293
20295
20299
20300
20304
20311
20314
20315
20319
20322
20323
20324
20329
20330
20332
20344
20346
20349
20353
20359
20360
20364
20367
20369
20370
20371
20372
20374
20375
20380
20381
20387
20388
20389
20396
20397
20400
20404
20407
20408
20415
20416
20417
20418
20419
20420
20425
20426
20429
20430
20431
20432
20435
20437
20440
20443
20453
20454
20455
20468
20469
20475
20479
20498
20499
20503
20508
20510
20511
20513
20520
20521
20525
20528
20530
20532
20536
20538
20551
20552
20554
20556
20559
20568
20570
20573
20579
20585
20586
20587
20588
20589
20590
20592
20594
20596
20597
20604
20607
20614
20615
20616
20617
20621
20622
20623
20624
20628
20630
20635
20637
20640
20645
20649
20650
20651
20652
20654
20656
20659
20666
20671
20672
20676
20679
20684
20688
20690
20698
20700
20701
20703
20705
20707
20709
20710
20711
20714
20715
20718
20721
20722
20726
20727
20729
20732
20734
20735
20736
20739
20740
20744
20748
20750
20754
20756
20757
20762
20764
20766
20770
20771
20772
20783
20785
20788
20789
20790
20792
20796
20799
20809
20811
20813
20815
20824
20829
20832
20837
20840
20842
20843
20844
20845
20849
20852
20853
20855
20857
20861
20862
20865
20867
20871
20872
20873
20875
20878
20880
20884
20885
20888
20890
20894
20895
20896
20897
20898
20904
20913
20917
20918
20921
20924
20925
20926
20929
20931
20938
20939
20940
20949
20951
20954
20959
20960
20964
20971
20976
20978
20981
20984
20986
20989
20998
21006
21010
21015
21017
21021
21024
21032
21033
21043
21044
21976
21985
21986
21987
21990
21992
21994
21997
21998
21999
22000
22003
22005
22006
22007
22008
22046
22051
22053
22058
22062
22065
22067
22083
22084
22125
22131
22153
22156
22168
22169
22199
22202
22203
22204
22205
22207
22208
22223
22224
22227
22228
22230
22231
22232
22233
22234
22238
22255
22256
22257
22260
22261
22268
22273
22274
22284
22292
22299
22300
22305
22306
22308
22311
22312
22315
22318
22319
22321
22323
22324
22325
22328
22330
22332
22337
22340
22344
22346
22349
22361
22368
22379
22380
22382
22383
22391
22396
22399
22401
22404
22405
22419
22423
22425
22434
22435
22440
22449
22450
22455
22458
22462
22470
22473
22475
22484
22487
22498
22501
22505
22600
22603
22605
22608
22609
22610
22620
22623
22629
22630
22631
22632
22633
22635
22636
22638
22639
22642
22645
22651
22652
22653
22657
22659
22660
22661
22663
22664
22670
22674
22675
22678
22681
22682
22683
22685
22690
22693
22698
22700
22705
22707
22710
22713
22714
22716
22719
22720
22723
22725
22730
22732
22733
22734
22735
22736
22739
22740
22743
22747
22748
22749
22754
22755
22756
22759
22763
22764
22765
22770
22779
22780
22787
22788
22790
22791
22794
22795
22796
22802
22803
22804
22810
22812
22816
22821
22822
22823
22825
22826
22830
22831
22832
22835
22837
22840
22841
22844
22845
22846
22851
22853
22854
22860
22862
22864
22868
22872
22873
22876
22877
22878
22879
22881
22882
22887
22888
22891
22892
22894
22898
22899
22902
22903
22906
22908
22909
22910
22914
22917
22922
22924
22926
22927
22932
22933
22937
22938
22940
22942
22943
22944
22946
22951
22952
22954
22960
22962
22965
22966
22970
22971
22973
22980
22982
22984
22987
22988
22992
22994
22995
22997
23000
23005
23006
23007
23013
23014
23016
23021
23026
23028
23031
23041
23045
23053
23054
23058
23059
23062
23063
23068
23069
23072
23075
23076
23077
23080
23083
23088
23090
23091
23096
23098
23100
23103
23104
23106
23107
23109
23110
23111
23114
23123
23126
23128
23131
23132
23134
23137
23141
23143
23151
23152
23158
23163
23166
23171
23172
23174
23177
23185
23187
23190
23194
23195
23199
23207
23208
23209
23212
23214
23222
23223
23226
23228
23229
23237
23240
23245
23246
23250
23257
23258
23259
23262
23264
23266
23268
23271
23275
23276
23280
23281
23284
23288
23290
23294
23299
23301
23302
23307
23308
23309
23310
23311
23314
23318
23319
23320
23321
23325
23327
23329
23331
23333
23336
23338
23339
23342
23346
23347
23351
23352
23356
23362
23366
23367
23371
23372
23377
23379
23380
23382
23384
23385
23387
23388
23395
23396
23398
23399
23400
23402
23405
23406
23408
23409
23412
23415
23418
23419
23420
23421
23425
23428
23431
23435
23436
23438
23440
23441
23442
23443
23445
23447
23451
23454
23456
23457
23459
23461
23462
23463
23466
23471
23472
23475
23478
23479
24151
24161
24171
24188
24191
24197
24199
24201
24202
24203
24207
24209
24211
24212
24214
24215
24216
24222
24227
24230
24233
24237
24241
24243
24247
24257
24262
24268
24277
24278
24279
24285
24287
24290
24291
24292
24293
24309
24310
24367
24371
24372
24373
24385
24388
24389
24390
24393
24396
24397
24401
24402
24405
24408
24410
24417
24420
24423
24425
24426
24428
24432
24435
24436
24455
24467
24473
24475
24481
24482
24483
24485
24503
24504
24510
24511
24543
24557
24561
24563
24565
24567
24572
24573
24575
24577
24585
24586
24587
24589
24591
24593
24594
24595
24627
24669
24671
24677
24689
24699
24716
24731
24745
24753
24754
24759
24762
24775
24778
24788
24796
24800
24806
24810
24818
24819
24825
24832
24834
24847
24848
24858
24860
24868
24884
24896
24897
24899
24907
24908
24910
24922
24940
24943
24956
24958
24961
24963
24968
24970
24977
24979
24986
24987
24989
24990
24991
25002
25011
25015
25017
25019
25021
25024
25041
25046
25051
25060
25068
25080
25096
25098
25109
25112
25113
25123
25142
25155
25159
25161
25162
25167
25169
25172
25173
25192
25194
25197
25199
25201
25206
25207
25225
25230
25603
25609
25610
25611
25625
25633
25635
25644
25649
25687
25694
25697
25698
25701
25703
25704
25715
25716
25717
25719
25731
25733
25748
25751
25752
25754
25755
25763
25785
25790
25796
25807
25812
25814
25825
25828
25829
25840
25842
25850
25860
25861
25864
25867
25888
25893
25898
25906
25907
25908
25909
25913
25918
25929
25941
25943
25959
25963
25976
25984
25988
25998
26002
26003
26173
26176
26177
26184
26189
26193
26194
26196
26206
26207
26228
26229
26240
26241
26244
26249
26254
26255
26263
26265
26268
26327
26329
26335
26339
26341
26349
26352
26355
26372
26384
26385
26389
26402
26403
26417
26420
26422
26441
26447
26448
26449
26453
26467
26519
26538
26539
26555
26556
26557
26559
26561
26563
26564
26566
26575
26603
26613
26619
26620
26621
26622
26623
26625
26626
26627
26628
26630
26632
26634
26642
26644
26650
26682
26683
26695
26725
26728
26738
26739
26751
26757
26770
26804
26859
26878
26902
26919
26920
26949
26971
26979
26986
26999
27002
27005
27010
27012
27014
27015
27021
27062
27064
27077
27081
27082
27102
27104
27110
27121
27126
27165
27168
27171
27172
27176
27198
27209
27213
27214
27222
27275
27322
27324
27333
27344
27365
27376
27378
27379
27382
27390
27392
27421
27438
27627
27630
27632
27633
27646
27670
27676
27687
27688
27690
27692
27693
27695
27698
27700
27702
27706
27711
27732
27737
27759
27764
27765
27781
27787
27789
27809
27913
27915
27929
27930
27936
27951
27965
27991
27997
28007
28035
28036
28037
28041
28053
28061
28062
28063
28064
28075
28078
28092
28113
28114
28115
28116
28117
28124
28125
28131
28132
28134
28150
28164
28168
28172
28182
28183
28195
28201
28207
28210
28256
28297
28299
28319
28327
28356
28367
28369
28373
28381
28383
28392
28393
28394
28401
28409
28410
28416
28421
28422
28425
28427
28430
28431
28433
28434
28436
28437
28438
28443
28445
28494
28507
28519
28520
28526
28538
28546
28583
28587
28597
28598
28608
28620
28626
28633
28634
28636
28649
28653
28654
28655
28666
28675
28677
28687
28691
28693
28698
28706
28715
28720
28723
28730
28734
28735
28832
28833
28838
28843
28848
28855
28856
28884
28891
28899
28907
28911
28915
28916
28917
28924
28927
28928
28953
28961
28975
28976
29005
29007
29016
29174
29207
29208
29210
29215
29224
29236
29239
29246
29267
29288
29289
29292
29294
29309
29315
29316
29319
29323
29324
29332
29367
29370
29373
29374
29375
29377
29378
29380
29383
29386
29388
29396
29401
29406
29407
29408
29411
29412
29414
29415
29417
29418
29430
29433
29434
29438
29439
29440
29442
29451
29452
29453
29454
29455
29460
29461
29462
29463
29465
29467
29469
29471
29472
29601
29603
29604
29605
29615
29616
29629
29631
29632
29633
29634
29636
29638
29654
29662
29667
29669
29670
29675
29677
29680
29685
29687
29693
29697
29699
29709
29735
29745
29750
29774
29819
29820
29821
29823
29824
29826
29828
29829
29830
29833
29834
29835
29837
29838
29839
29840
29842
29867
29872
29873
29877
29882
29886
29892
29904
29906
29907
29915
29919
29920
29922
29923
29925
29927
29937
29944
29951
29957
29981
29985
29986
30015
30027
30029
30031
30042
30053
30061
30063
30065
30072
30083
30084
30086
30088
30107
30109
30115
30118
30121
30123
30127
30160
30164
30169
30170
30175
30176
30177
30182
30183
30190
30191
30193
30231
30237
30244
30245
30246
30250
30263
30276
30279
30291
30294
30307
30308
30311
30312
30313
30318
30319
30320
30325
30329
30330
30331
30335
30336
30342
30343
30351
30353
30356
30358
30363
30364
30366
30368
30370
30372
30374
30411
30415
30417
30418
30420
30421
30423
30428
30435
30441
30444
30448
30450
30453
30458
30459
30463
30468
30471
30473
30474
30476
30477
30488
30512
30517
30523
30525
30530
30545
30550
30556
30561
30562
30564
30565
30566
30571
30591
30604
30607
30611
30621
30623
30625
30635
30637
30639
30665
30666
30667
30677
30678
30682
30683
30708
30709
30711
30712
30713
30714
30715
30716
30717
30718
30721
30724
30740
30741
30754
30788
30795
30798
30801
30803
30805
30810
30811
30812
30820
30835
30837
30848
30859
30863
30864
30866
30869
30873
30874
30875
30878
30903
30905
30911
30914
30915
30919
30920
30943
30944
30950
30952
30965
30966
30968
30985
30986
30988
30989
31001
31005
31021
31022
31035
31036
31050
31053
31054
31055
31061
31073
31074
31075
31076
31080
31081
31103
31105
31111
31112
31114
31115
31116
31117
31118
31119
31123
31129
31135
31136
31145
31152
31155
31164
31181
31185
31195
31203
31209
31210
31221
31222
31224
31226
31228
31243
31244
31247
31248
31251
31254
31259
31260
31274
31277
31299
31304
31309
31310
31315
31318
31320
31328
31331
31332
31351
31352
31355
31362
31363
31364
31376
31377
31379
31380
31387
31398
31407
31408
31409
31415
31418
31419
31420
31421
31423
31424
31425
31427
31430
31446
31455
31459
31465
31466
31470
31475
31476
31477
31478
31494
31496
31497
31511
31512
31514
31521
31528
31530
31540
31543
31561
31573
31577
31594
31603
31615
31645
31646
31657
31665
31669
31681
31688
31691
31741
31742
31745
31769
31781
31782
31783
31785
31788
31789
31797
31798
31799
31800
31806
31807
31808
31818
31820
31821
31822
31824
31825
31832
31834
31835
31837
31838
31839
31840
31846
31848
31859
31862
31864
31868
31873
31874
31875
31879
31886
31889
31890
31891
31895
31897
31903
31904
31912
31913
31914
31919
31920
31922
31923
31925
31926
31929
32011
32023
32031
32034
32043
32044
32051
32052
32075
32087
32097
32101
32102
32103
32107
32113
32117
32121
32147
32153
32155
32159
32161
32173
32174
32180
32181
32183
32186
32195
32207
32208
32219
32220
32222
32225
32232
32239
32240
32241
32243
32249
32251
32254
32255
32260
32267
32269
32271
32273
32295
32297
32314
32319
32322
32340
32352
32359
32365
32368
32372
32375
32377
32379
32380
32383
32387
32423
32425
32458
32459
32462
32464
32466
32468
32469
32471
32472
32473
32474
32475
32478
32479
32480
32483
32484
32485
32486
32488
32489
32491
32494
32498
32499
32501
32508
32518
32524
32529
32549
32571
32573
32579
32585
32588
32606
32622
32663
32664
32669
32670
32671
32672
32674
32675
32685
32686
32695
32699
32700
32701
32702
32705
32706
32707
32719
32721
32733
32737
32742
32744
32746
32765
32766
32771
32772
32773
32776
32777
32783
32785
32790
32793
32794
32795
32796
32800
32809
32810
32819
32824
32827
32835
32836
32837
32838
32839
32840
32841
32842
32843
32844
32845
32847
32848
32849
32850
32851
32852
32854
32864
32869
32870
32876
32883
32886
32887
32888
32897
32899
32900
32901
32902
32904
32906
32915
32923
32924
32925
32926
32927
32928
32930
32931
32934
32942
32955
32966
32976
32989
32995
32997
33024
33029
33037
33051
33052
33055
33058
33060
33062
33073
33074
33075
33076
33077
33080
33091
33097
33105
33107
33117
33118
33131
33133
33134
33136
33141
33148
33163
33175
33179
33199
33205
33207
33210
33213
33217
33227
33245
33251
33266
33271
33275
33276
33283
33284
33286
33287
33299
33300
33321
33336
33349
33361
33370
33381
33387
33388
33390
33391
33399
33401
33403
33413
33426
33435
33436
33451
33455
33465
33467
33479
33481
33485
33488
33497
33511
33513
33515
33531
33533
33535
33536
33537
33540
33541
33543
33557
33561
33563
33575
33577
33590
33594
33606
33612
33614
33617
33618
33619
33620
33624
33651
33657
33675
33679
33689
33690
33691
33698
33705
33707
33711
33719
33750
33757
33758
33759
33763
33765
33769
33775
33776
33777
33778
33780
33783
33789
33793
33799
33803
33807
33809
33810
33811
33812
33813
33814
33817
33819
33820
33822
33825
33826
33835
33841
33844
33845
33846
33848
33849
33851
33853
33854
33855
33856
33862
33870
33876
33892
33894
33895
33899
33928
33929
33938
33943
33959
33961
33965
33969
33970
33977
33982
33997
34011
34015
34019
34031
34042
34047
34049
34055
34069
34077
34081
34100
34105
34106
34108
34109
34119
34121
34124
34129
34133
34137
34143
34152
34155
34164
34169
34174
34178
34184
34199
34205
34206
34215
34217
34219
34225
34245
34248
34249
34263
34273
34276
34288
34291
34292
34302
34305
34315
34316
34335
34355
34373
34377
34381
34382
34387
34391
34399
34415
34421
34423
34424
34428
34429
34433
34435
34439
34441
34443
34447
34451
34452
34455
34457
34460
34465
34466
34472
34473
34479
34480
34481
34487
34489
34490
34501
34508
34513
34527
34528
34533
34534
34537
34538
34546
34551
34559
34572
34577
34578
34582
34589
34591
34599
34603
34605
34606
34609
34613
34614
34615
34617
34625
34631
34633
34635
34641
34643
34645
34651
34652
34657
34658
34660
34670
34671
34673
34674
34675
34677
34679
34681
34682
34683
34699
34708
34709
34711
34715
34716
34727
34732
34735
34736
34737
34754
34763
34767
34769
34771
34779
34781
34783
34787
34792
34795
34809
34825
34845
34846
34852
34856
34859
34861
34878
34879
34889
34890
34893
34894
34897
34902
34905
34913
34934
34937
34957
34965
34975
34977
34980
34988
35001
35002
35003
35017
35023
35024
35038
35053
35057
35063
35065
35068
35070
35083
35084
35087
35088
35089
35101
35103
35123
35138
35139
35140
35153
35157
35158
35159
35160
35161
35162
35173
35177
35187
35201
35209
35211
35212
35222
35239
35241
35247
35256
35265
35273
35274
35276
35277
35285
35290
35291
35294
35295
35307
35309
35320
35331
35332
35335
35344
35347
35351
35361
35367
35368
35369
35373
35376
35377
35382
35395
35397
35399
35405
35408
35412
35414
35415
35417
35425
35426
35437
35439
35441
35445
35446
35449
35450
35451
35453
35454
35456
35467
35470
35472
35476
35484
35493
35497
35503
35504
35509
35513
35517
35525
35529
35561
35563
35571
35572
35581
35590
35609
35615
35616
35617
35619
35622
35627
35630
35639
35654
35657
35660
35663
35670
35671
35674
35677
35703
35709
35715
35721
35722
35723
35729
35731
35733
35735
35736
35737
35740
35743
35749
35751
35752
35755
35757
35762
35768
35769
35777
35783
35785
35801
35805
35810
35813
35815
35821
35827
35828
35834
35837
35839
35840
35843
35847
35850
35852
35853
35859
35860
35861
35862
35864
35865
35873
35876
35881
35885
35890
35892
35893
35894
35897
35902
35911
35913
35917
35918
35923
35925
35931
35933
35935
35939
35943
35944
35947
35952
35961
35967
35971
35973
35975
35981
35982
35983
35984
35988
35989
35995
36017
36021
36023
36027
36029
36043
36044
36047
36049
36055
36056
36065
36066
36077
36079
36083
36090
36091
36095
36099
36105
36107
36121
36123
36127
36129
36131
36137
36145
36149
36151
36155
36159
36160
36161
36163
36164
36179
36183
36187
36203
36207
36209
36211
36217
36221
36227
36229
36231
36233
36235
36241
36245
36247
36252
36257
36261
36263
36269
36270
36273
36275
36276
36281
36283
36284
36287
36291
36292
36293
36301
36303
36305
36307
36312
36315
36323
36325
36327
36333
36335
36339
36345
36353
36355
36361
36367
36371
36375
36379
36380
36383
36385
36391
36393
36394
36396
36399
36401
36403
36405
