3015
3011
3024
3022
3023
2948
3042
3037
3036
3033
3042
3055
3066
3074
3073
3066
3079
3087
3082
3095
3100
3104
3106
3109
3105
3114
3114
3130
3141
3144
3141
3153
3154
3155
3172
3166
3165
3165
3172
3175
3178
3181
3183
3184
3184
3195
3200
3197
3203
3207
3207
3213
3210
3209
3213
3216
3224
3223
3225
3244
3237
3244
3237
3240
3247
3246
3255
3253
3259
3260
3255
3260
3258
3264
3271
3282
3292
3291
3287
3293
3300
3305
3316
3315
3318
3311
3315
3305
3321
3322
3333
3335
3334
3342
3340
3351
3365
3359
3354
3371
3368
3369
3374
3383
3389
3391
3397
3403
3414
3422
3431
3442
3437
3403
3398
3399
3412
3414
3415
3434
3430
3436
3444
3442
3453
3452
3450
3450
3459
3455
3465
3474
3470
3469
3472
3480
3488
3487
3497
3505
3498
3503
3505
3521
3522
3530
3537
3531
3468
3564
3568
3585
3576
3576
3579
3579
3595
3591
3584
3582
3595
3599
3611
3607
3617
3623
3613
3620
3603
3610
3613
3622
3618
3621
3627
3632
3630
3634
3640
3636
3636
3641
3634
3645
3655
3666
3670
3665
3670
3662
2883
3677
3677
3675
3682
3693
3692
3701
3703
3701
3699
3706
3720
3710
3722
3706
3713
3713
3717
3717
3720
3732
3727
3727
3736
3741
3752
3758
3755
3757
3755
3761
3759
3761
3754
3777
3774
3782
3792
3790
3797
3796
3805
3814
3816
3811
3815
3812
3813
3789
3780
3832
3834
3838
3836
3841
3836
3845
3851
3858
3857
3864
3872
3877
3882
3878
3878
3876
3877
3881
3885
3880
3888
3876
3882
3932
3889
3895
3882
3883
3905
3965
3966
3971
3970
3979
3986
3987
3988
3991
4008
4008
4011
4016
4023
4020
4023
4031
4045
4041
4052
4058
4055
4061
4069
4067
4135
4146
4081
4080
4088
4107
4107
4118
4129
4120
4125
4134
4139
4141
4140
4143
4145
4151
4144
4161
4169
4180
4182
4181
4176
4185
4248
4173
4181
4183
4174
4183
4185
4190
4182
4196
4196
4190
4197
4206
4211
4205
4221
4221
4212
4228
4227
4224
4235
4253
4260
4261
4263
4264
4275
4273
4284
4299
4296
4301
4301
4308
4313
4325
4328
4320
4329
4332
4340
4346
4341
4335
4333
4330
4351
4354
4359
4354
4349
4350
4360
4370
4376
4382
4391
4389
4393
4394
4404
4407
4405
4405
4407
4406
4409
4416
4414
4420
4427
4425
4424
4442
4452
4450
4455
4459
4451
4449
4455
493
522
512
531
541
527
530
545
544
538
557
553
561
549
4502
4517
4513
4516
4513
4517
4527
4532
4542
4552
4552
4555
4570
4572
4582
4580
4579
4584
4589
4587
4596
4599
4625
4623
4626
4634
4644
4648
4653
4643
4633
4648
4656
4661
4668
4675
4686
4672
4689
4700
4713
4722
4719
4732
4732
4738
4741
4747
4746
4744
4757
4750
4751
4759
4762
4773
4772
4776
4775
4774
4780
4788
4803
4799
4816
4815
4823
4828
4830
4841
4843
4854
4844
4854
4867
4873
4872
4885
4875
4890
4885
4897
4900
4911
4904
4907
4872
4911
4930
4934
4935
4936
4943
4952
4951
4967
5057
4972
4969
4974
4973
4987
4996
5002
4992
4999
5003
5016
5020
5028
5031
5031
5029
5033
5035
5053
5062
5081
5072
5080
5083
5097
5105
5127
5125
5129
5132
5138
5150
4818
5162
5158
5160
5176
5172
5177
5179
5186
5191
5188
5198
5190
5193
5202
5208
5216
5214
5219
5238
5238
5254
5267
5271
5267
5277
5291
5306
5315
5310
5317
5322
5333
5344
5349
5357
5354
5351
5349
5361
5362
3348
5373
5384
5382
5394
5402
5408
5417
5413
5416
5420
5433
5437
5448
5451
5454
5465
5477
5482
5471
5492
5492
5476
5482
5500
5505
5514
5504
5519
5514
5539
5541
3474
5568
5566
5562
5570
5565
5584
5589
5598
5596
5605
5599
5600
5608
5619
5615
5627
103
5633
3263
5654
5654
5666
5663
5665
5665
5667
5689
5710
5705
5713
5722
5728
5740
5746
5751
5738
5757
5752
5762
5784
5793
5803
5816
5819
5819
5827
5829
5840
5844
5855
5861
5860
5865
5876
5881
5893
5900
5895
5896
5902
5925
5915
5924
5939
5953
6023
6036
6039
6072
6117
6127
3962
3912
6176
2774
6202
6195
6209
6214
6232
6235
6243
6296
6289
6301
767
1470
1486
1477
1476
2071
2086
2062
2090
2070
2073
2102
2067
2080
2095
2083
2058
2063
2092
2089
2122
2120
2132
2107
3570
6474
